lastAccountName: iJuanP
timestamps:
  login: 1621905662918
  logout: 1621905932320
  lastteleport: 1616551333432
ipAddress: 181.55.68.36
lastlocation:
  world: lobby
  x: -0.6465349398754121
  y: 109.5
  z: -10.115221604795305
  yaw: -186.9928
  pitch: 34.94968
logoutlocation:
  world: lobby
  x: 9.699999988079071
  y: 110.0
  z: 2.6999999880790684
  yaw: 290.60236
  pitch: 16.187288
money: '1212500.0'
