spawns: 
  default: 
    world: lobby
    x: 21.49686308714333
    y: 113.0
    z: 6.741884902942361
    yaw: 179.9083
    pitch: 2.1000497
