world: lobby
x: 0.5089393466613268
y: 82.0
z: 60.441279848893345
yaw: 90.617065
pitch: 3.2411442
name: bank
lastowner: 0e3f2639-c762-47a8-a229-66e89f3ea381
