world: lobby
x: 18.27333068123351
y: 82.0
z: 63.331503000965085
yaw: 137.00732
pitch: 2.7555656
name: blocks
lastowner: 0e3f2639-c762-47a8-a229-66e89f3ea381
