world: lobby
x: 82.83986270146802
y: 84.0
z: -28.01072663026131
yaw: 291.73267
pitch: 4.634506
name: crates
lastowner: 0e3f2639-c762-47a8-a229-66e89f3ea381
