world: lobby
x: 1.4786795341034802
y: 109.0
z: -1.85426009046914
yaw: 128.87463
pitch: 7.1831264
name: daily
lastowner: 0e3f2639-c762-47a8-a229-66e89f3ea381
