world: lobby
x: 24.463946398889966
y: 82.0
z: 65.50113992300125
yaw: 267.5208
pitch: 5.2767625
name: dungeons
lastowner: 0e3f2639-c762-47a8-a229-66e89f3ea381
