world: lobby
x: 35.710659159819876
y: 82.0
z: -53.676600926832556
yaw: 270.21887
pitch: 5.0485005
name: dyes
lastowner: 0e3f2639-c762-47a8-a229-66e89f3ea381
