world: lobby
x: -22.075743117999863
y: 83.0
z: -45.945189913372154
yaw: 159.90283
pitch: -3.0821838
name: enchantments
lastowner: 0e3f2639-c762-47a8-a229-66e89f3ea381
