world: lobby
x: 76.83177221547129
y: 83.0
z: 35.26955145296787
yaw: 43.60608
pitch: 2.8375018
name: farms
lastowner: 0e3f2639-c762-47a8-a229-66e89f3ea381
