world: lobby
x: -43.14574164530506
y: 81.0
z: 74.95670800288148
yaw: -45.66784
pitch: 3.8659449
name: minerals
lastowner: 0e3f2639-c762-47a8-a229-66e89f3ea381
