world: lobby
x: -10.689758704713567
y: 85.0
z: -22.44481727441841
yaw: -48.449398
pitch: 9.9069395
name: minepvp
lastowner: 0e3f2639-c762-47a8-a229-66e89f3ea381
