world: lobby
x: -40.89149902388521
y: 81.0
z: 67.10521097873817
yaw: 39.232178
pitch: 10.91595
name: mine
lastowner: 0e3f2639-c762-47a8-a229-66e89f3ea381
