world: lobby
x: 23.30110487341971
y: 82.0
z: 80.5179371953469
yaw: 88.92871
pitch: 4.7055035
name: mobdrops
lastowner: 0e3f2639-c762-47a8-a229-66e89f3ea381
