world: lobby
x: 21.536306590311497
y: 82.0
z: -49.57729174926815
yaw: 0.43200684
pitch: 4.9663563
name: protections
lastowner: 0e3f2639-c762-47a8-a229-66e89f3ea381
