world: lobby
x: 21.97306976328676
y: 109.0
z: -38.12746088839396
yaw: 181.22296
pitch: 2.4995868
name: rtp
lastowner: 0e3f2639-c762-47a8-a229-66e89f3ea381
