world: lobby
x: 24.552511355441734
y: 82.0
z: -66.9039771917358
yaw: 179.48572
pitch: 9.48162
name: smithy
lastowner: 0e3f2639-c762-47a8-a229-66e89f3ea381
