world: lobby
x: 24.69884439954454
y: 82.0
z: 82.49136925811108
yaw: 271.1266
pitch: 2.8964021
name: spawners
lastowner: 0e3f2639-c762-47a8-a229-66e89f3ea381
