world: lobby
x: 11.484141831090938
y: 82.0
z: 69.88077113989195
yaw: 359.60815
pitch: 4.2170124
name: trades
lastowner: 0e3f2639-c762-47a8-a229-66e89f3ea381
