world: lobby
x: -10.109536380868267
y: 110.0
z: -2.8076361851185174
yaw: 126.02557
pitch: 7.18312
name: upgrades
lastowner: 0e3f2639-c762-47a8-a229-66e89f3ea381
